0.10604730031009152
0.029241400393158833
0.029241400393158833
0.22271125760566488
0.029241400393158833
0.029241400393158833
0.029241400393158833
0.029241400393158833
0.029241400393158833
0.029241400393158833
0.029241400393158833
0.21487590973602308
0.029564850215482722
0.02549990145116687
0.02549990145116687
0.02549990145116687
0.02549990145116687
0.02549990145116687
0.02549990145116687
0.02549990145116687
0.06395848439775333
0.02549990145116687
0.09451612269234491
0.02549990145116687
0.02549990145116687
0.02549990145116687
0.0924505867741102
0.02549990145116687
0.02549990145116687
0.26543344709825095
0.2838679168811878
0.25406216565899414
0.290250997900994
0.2531846376508463
0.2984947276497252
0.24962417934187178
0.2495186941098043
0.24951141926621342
0.26560442183892313
0.27074324874339867
0.25737498286134997
0.2839470308052384
0.28605986792448546
0.24952549960864737
0.2635118810867412
0.2838606420375969
0.31191068914088943
0.26101128194355355
0.2830144100535508
0.24464026441569017
0.24464026441569017
0.4144495214779442
0.27572401343866104
0.24464026441569017
0.24464026441569017
0.2734201955499722
0.24148545412320713
0.24148545412320713
0.24148545412320713
0.3164043197031156
0.24148545412320713
0.411476481121634
0.24148545412320713
0.24148545412320713
0.24148545412320713
0.24148545412320713
0.24148545412320713
0.24148545412320713
0.24148545412320713
0.24148545412320713
0.24148545412320713
0.24148545412320713
0.24148545412320713
0.24148545412320713
0.24148545412320713
0.24148545412320713
0.4111605962329643
0.24148545412320713
0.24148545412320713
0.24148545412320713
0.32761777530245767
0.24148545412320713
0.2530509424521792
0.2692147816031031
0.24951141926621342
0.2638283367829437
0.26574990279445343
0.24148545412320713
0.24148545412320713
0.24148545412320713
0.24148545412320713
0.24148545412320713
0.30013079956517574
0.4107418518268781
0.24148545412320713
0.24148545412320713
0.24148545412320713
0.27643632512506716
0.30190850670726355
0.2740739260806624
0.24148545412320713
0.24148545412320713
0.24148545412320713
0.24148545412320713
0.24148545412320713
0.04581891021407736
0.24148545412320713
0.24148545412320713
0.24148545412320713
0.24148545412320713
0.24148545412320713
0.24148545412320713
0.24148545412320713
0.24148545412320713
0.24346245542208908
0.4055634858890185
0.24148545412320713
0.24148545412320713
0.26779277803478563
0.24148545412320713
0.24148545412320713
0.24148545412320713
0.24148545412320713
0.24148545412320713
0.24148545412320713
0.24148545412320713
0.24148545412320713
0.2885353144526325
0.24148545412320713
0.24148545412320713
0.24148545412320713
0.24148545412320713
0.24148545412320713
0.24148545412320713
0.24148545412320713
0.24148545412320713
0.24148545412320713
0.4054675902235026
0.24148545412320713
0.24148545412320713
0.24148545412320713
0.24148545412320713
0.24148545412320713
0.2530509424521792
0.3034479583177605
0.3136271127328707
0.27403373317570745
0.24148545412320713
0.24148545412320713
0.2671011195031303
0.24148545412320713
0.32940861379899344
0.3037012381658324
0.2944736226152223
0.24148545412320713
0.0
0.3673660004257995
0.13693285084861329
0.2785248434818077
0.10168332963598585
0.12632328171504004
0.2784577165159466
0.09340634947100583
0.09244479973020996
0.09244479973020996
0.09244479973020996
0.09244479973020996
0.1292660440920616
0.12310598213698097
0.10489961342159285
0.12777938443168907
0.12818140059312172
0.27538905521943724
0.1087055652916432
0.188445549932844
0.09244479973020996
0.09244479973020996
0.09244479973020996
0.0932803878360237
0.08729943026402204
0.08059535011603092
0.12563999645210738
0.12486847240546559
0.09642337385704386
0.13548768623080332
0.12484377686618556
0.1018765500415598
0.0864219022558742
0.08923019266757759
0.10625844977713197
0.10565001558367851
0.2516958736006857
0.12450590061345782
0.1152521939341809
0.20575603994816385
0.2556654058088891
0.19402242112076842
0.19402242112076842
0.1557344836343867
0.15195340609352212
0.19402242112076842
0.15185751042800621
0.12358508393086273
0.03968613241501206
0.08727066879979553
0.19281061208404424
0.06203753677246421
0.061382795999013036
0.061382795999013036
0.3042166513626046
0.3066454665405086
0.32361660000187115
0.18752514726057978
0.19402242112076842
0.25308812645386985
0.11716127839472992
0.13370797241956994
0.1152521939341809
0.19402242112076842
0.3576854811956982
0.06877809421163993
0.22873500043141765
0.19402242112076842
0.2279626211021773
0.19402242112076842
0.061382795999013036
0.19402242112076842
0.061382795999013036
0.061382795999013036
0.11274927215261792
0.19402242112076842
0.19402242112076842
0.19402242112076842
0.3575565349018296
0.061382795999013036
0.19402242112076842
0.19402242112076842
0.19402242112076842
0.2282495853582231
0.3609487178909479
0.22226669073516425
0.19402242112076842
0.2563777344571365
0.2208782356942779
0.061382795999013036
0.25632499184110275
0.36035096824256535
0.19402242112076842
0.10555160799618322
0.10555160799618322
0.10555160799618322
0.10555160799618322
0.10555160799618322
0.10555160799618322
0.2729877783167893
0.1794358887567739
0.10555160799618322
0.10555160799618322
0.15337751159599086
0.10555160799618322
0.10555160799618322
0.10286847176496788
0.10555160799618322
0.10555160799618322
0.10555160799618322
0.10555160799618322
0.10555160799618322
0.04581891021407736
0.04581891021407736
0.119583498152563
0.08151325913015703
0.0874489076885759
0.09792870230042075
0.04581891021407736
0.04581891021407736
0.2234849364528517
0.0628520165194604
0.04581891021407736
0.04581891021407736
0.04581891021407736
0.04581891021407736
0.04745124036132613
0.04581891021407736
0.04581891021407736
0.04581891021407736
0.04581891021407736
0.04581891021407736
0.04581891021407736
0.04581891021407736
0.04581891021407736
0.04581891021407736
0.04581891021407736
0.04581891021407736
0.04581891021407736
0.04581891021407736
0.04581891021407736
0.04581891021407736
0.04581891021407736
0.2174345749490856
0.04581891021407736
0.04581891021407736
0.2173481861814441
0.04581891021407736
0.04581891021407736
0.04581891021407736
0.04581891021407736
0.04581891021407736
0.05116518053117313
0.23749998791488805
0.10224718965876024
0.05116518053117313
0.05116518053117313
0.05116518053117313
0.23039984529925212
0.0962688895754889
0.04774910956847133
0.06084997361783946
0.12479994814668105
0.2303751497599721
0.05116518053117313
0.05116518053117313
0.01049130545965989
0.01049130545965989
0.08253272970967254
0.12221235009672962
0.01049130545965989
0.029103355956882175
0.029103355956882175
0.029103355956882175
0.029103355956882175
0.029103355956882175
0.029103355956882175
0.029103355956882175
0.08028313696952791
0.2192994467376884
0.055617217626941065
0.029103355956882175
0.029103355956882175
0.029103355956882175
0.029103355956882175
0.029103355956882175
0.055799419391421315
0.19402242112076842
0.19402242112076842
0.19402242112076842
0.2239144949266491
0.19402242112076842
0.19402242112076842
0.19402242112076842
0.19402242112076842
0.19402242112076842
0.255401996060512
0.19402242112076842
0.19402242112076842
0.35999935080234036
0.19402242112076842
0.22563588977309162
0.1949888424654054
0.2525162609965528
0.1949888424654054
0.1949888424654054
0.23253585542152605
0.1949888424654054
0.24807030473042924
0.1949888424654054
0.23043309088991637
0.23746104006214303
0.20074019325523243
0.25450185537911046
0.2619668809860189
0.23746104006214303
0.21554917144259447
0.23454489096676534
0.23746104006214303
0.25450185537911046
0.2619668809860189
0.19678066506296946
0.2161475359913839
0.23099975581110221
0.19812040129638941
0.2579240520635807
0.19402242112076842
0.19402242112076842
0.19402242112076842
0.19402242112076842
0.35760195916444243
0.19402242112076842
0.2486587115151182
0.19402242112076842
0.19402242112076842
0.22404279265630325
0.19402242112076842
0.36471049788537396
0.23266478181627523
0.1949888424654054
0.23080487100853195
0.24815347577879016
0.21434987673800254
0.23745478599700065
0.36636871390181813
0.21117391981923944
0.25000721362126344
0.21466504114183763
0.23745478599700065
0.19678066506296946
0.19402242112076842
0.19402242112076842
0.19402242112076842
0.061382795999013036
0.061382795999013036
0.10603276715906411
0.13495042315489827
0.08713881225971114
0.061382795999013036
0.2565382909480842
0.061382795999013036
0.09143733546646218
0.06989298800694933
0.10328199492195829
0.061382795999013036
0.08098439858474532
0.12538599070309198
0.07794656579876395
0.07794656579876395
0.2749542333391578
0.07794656579876395
0.16182382989640176
0.07794656579876395
0.07794656579876395
0.07794656579876395
0.07794656579876395
0.07794656579876395
0.1311397306340471
0.07794656579876395
0.08551588281050819
0.10923631651389455
0.08012604562155769
0.272365050370228
0.12135000525409304
0.07794656579876395
0.07794656579876395
0.08534186401139085
0.1376366482145667
0.07794656579876395
0.14493180474567352
0.18333688352338798
0.10979403631632646
0.27429015585546
0.07794656579876395
0.12240138083975532
0.19402242112076842
0.19402242112076842
0.2351526392466201
0.222319433351198
0.24821930277652815
0.2074891006494694
0.04745124036132613
0.04581891021407736
0.04581891021407736
0.04581891021407736
0.04581891021407736
0.04581891021407736
0.04581891021407736
0.2204965768243786
0.04581891021407736
0.1985525378008359
0.16043943870328198
0.21727874449262222
0.061382795999013036
0.194440860799559
0.061382795999013036
0.061382795999013036
0.10585056539458386
0.11924666823197624
0.12504863026609708
0.061382795999013036
0.061382795999013036
0.06340192762417182
0.06340192762417182
0.06340192762417182
0.061382795999013036
0.061382795999013036
0.061382795999013036
0.061382795999013036
0.06203753677246421
0.2826383531913485
0.12743324720838722
0.12531542650728428
0.10049480489541074
0.11028115816106075
0.1257231675004683
0.0966262074443566
0.09413880937939441
0.19402242112076842
0.05116518053117313
0.28167394591983097
0.2723814796113219
0.27074324874339867
0.25631144272974055
0.2835514611849852
0.26927074193841743
0.25107456932017946
0.3002246930134995
0.24148545412320713
0.24148545412320713
0.24148545412320713
0.24148545412320713
0.24148545412320713
0.24148545412320713
0.24148545412320713
0.24148545412320713
0.2696962472057707
0.24148545412320713
0.24148545412320713
0.24148545412320713
0.24464026441569017
0.2546134596367802
0.24148545412320713
0.31050091403705177
0.27462847690808506
0.24148545412320713
0.131082640628728
0.21545554104620115
0.21545554104620115
0.07047461210199374
0.03450947976851608
0.03450947976851608
0.293815167969582
0.07794656579876395
0.07794656579876395
0.1303365217666741
0.07794656579876395
0.12364163481504764
0.07794656579876395
0.07794656579876395
0.16102062102902875
0.084273725833007
0.07794656579876395
0.0
0.03635483119503323
0.21447262443907114
0.31888078771355605
0.2962824514115371
0.3036558139032196
0.3246175472691072
0.31913801373399875
0.24148545412320713
0.28018726942089806
0.24148545412320713
0.40554097125450606
0.24148545412320713
0.2780248576712222
0.2593602950798182
0.257722064211895
0.2696370087582874
0.23182405516626606
0.2315893437803358
0.25626483677212364
0.4220680543763294
0.24148545412320713
0.24148545412320713
0.24148545412320713
0.24148545412320713
0.2719012303158994
0.28372312878343897
0.24148545412320713
0.24148545412320713
0.2450509033548101
0.24148545412320713
0.24148545412320713
0.26569081060656463
0.4221374960651513
0.3034479583177605
0.25954821631236785
0.26922205644669395
0.27454530585972414
0.29313785405935167
0.2683337279428242
0.24148545412320713
0.2800339631711682
0.24148545412320713
0.24148545412320713
0.24148545412320713
0.24148545412320713
0.273808052322609
0.24298835886432663
0.24148545412320713
0.24148545412320713
0.24148545412320713
0.24148545412320713
0.27355128691533226
0.24148545412320713
0.410837747492394
0.24148545412320713
0.2530509424521792
0.42215157640758516
0.24148545412320713
0.27847890280055626
0.40553471718936374
0.17621858917871486
0.1335051893925588
0.10555160799618322
0.10555160799618322
0.10555160799618322
0.10555160799618322
0.10555160799618322
0.1334788180845419
0.2728319478603259
0.10555160799618322
0.14932558286202788
0.16460452779139742
0.3374221369172972
0.19750083577256522
0.2819382687546214
0.12963052476754097
0.21515099759738132
0.15970362863900478
0.10555160799618322
0.10555160799618322
0.1302546457239404
0.13766946621777984
0.15631444253092316
0.10555160799618322
0.2727473340378118
0.10555160799618322
0.10555160799618322
0.10555160799618322
0.10555160799618322
0.2728319478603259
0.10555160799618322
0.10555160799618322
0.10555160799618322